% output.m 文件
% 此脚本用于计算和输出模型参数的初始化值

% 定义决策变量 x 的值
x = [0.115095090561727, 0.991103525413818, 0.980332036771668, ...
     0.0315009108191873, 0.689166977373571, 0.0928958497394059, ...
     0.970775199581360, 0.000181002625542093, 0.0236656311097715, ...
     0.807721792366841]; 

% 计算模型参数
aT = 343 + x(1) * (363 - 343); % 温度计算
aP = 2 + x(2) * (5 - 2); % 压力计算
asigma_mem = 0.1 + x(3) * (0.3 - 0.1); % 膜的导电性
atmem = 0.02 + x(4) * (0.05 - 0.02); % 膜的厚度
adp = 1.00E-07 + x(5) * (6.00E-07 - 1.00E-07); % 孔隙半径
adm = 0.0001 + x(6) * (0.0005 - 0.0001); % 膜厚度
aeps = 0.5 + x(7) * (0.9 - 0.5); % 膜的孔隙率
ada = 0.001 + x(8) * (0.006 - 0.001); % 气隙厚度
aTc = 300 + x(9) * (308 - 300); % 冷却液温度
ac3 = 0.002; % 常数
aj = 0.1 + x(10) * (2 - 0.1); % 电流密度

% 以上变量的计算根据输入的决策变量 x，得到具体的模型参数
